c1= [0.0, 0.502, 0.0];%      'green':  nice
c2= [0.737, 0.737, 0.7372];%  'gray 0.74'
c3= [0.698, 0.133, 0.133];%  'firebrick'
c4= [0.2745, 0.470588, 0.12941];%   medium dark green
c5= [0.33333, 0.3333, 0.33333];%     'dark grey (1/3)'
c6= [1.0, 1.0, 0.0];%                'yellow':
c7= [0.478, 0.4078, 0.651];%    'violet'
c8= [0.50588, 0.694, 0.8235];%  'baby blue'
c9= [0.88627, 0.2902, 0.2];%  'medium flat tred'
c10= [0.0, 0.44706, 0.69804];%    'sea blue'
c11= [0.686275, 0.9333, 0.9333];% 'light lime green'
c28= [0.89804, 0.682353, 0.21961];%  'conlon orange'
c13= [0.501961, 0.0, 0.501961];%   'purple'
c14= [0.0, 1.0, 1.0];%   'cyan': 
c15= [0.65098, 0.02352941, 0.156863];% 'richred'
c16= [0.7215686, 0.525490, 0.04314];% 'darkgoldenrod':
c17= [1.0, 0.7098, 0.7216];%   'pink angelina ballerina'
c19= [0.1882,  0.635294, 0.854902];% 'tropical blue'
c20= [0.94118, 0.894118, 0.25882];%  'cream yellow'
c21= [0.552941, 0.827450, 0.7803921];% 'mint blue'
c37= [0.75, 0.75, 0];%               'kakki yellow'
c38= [0.9804, 0.505882, 0.454902];%        'human pink'
c23= [0.8, 0.4745, 0.6549];%      'dark pink'
c24= [0.7372549, 0.5098, 0.74118];% light 'violet'
c25= [0.0, 0.61961, 0.451];%   'greeney blue turquoise'
c26= [0.984314, 0.756863, 0.36863];% 'orange cream'
c31= [0.8353, 0.36863, 0.0];%   'dark orange'
c32= [0.75, 0, 0.75];%         '3/4 magenta'




c29= [0.0, 0.0, 1.0];%     ' blue       '
c30= [0.0, 0.5, 0.0];%     ' 1/2 green  '

c33= [1.0, 0.0, 1.0];%% 'magenta'
c34= [0.556863, 0.72941, 0.2588];%    'light kakki green'
c35= [1.0, 0.0, 0.0];%                'red'
c36= [0.427451, 0.564706, 0.3098];%    'army green'

c39= [0.701961, 0.8705882, 0.411764706];%  'lime green''

c18= [1.0, 0.0, 0.0];%  red 
c12= [0.0, 0.0, 1.0];  %blue


c27= [0.3373, 0.705882, 0.91373];%   'tropical blue #2'
c22= [0.2039216, 0.54118, 0.74118];%   %'sea2 blue'













